IT8.7/1
ORIGINATOR "Wolf Faust"
DESCRIPTOR "Fujichrome Provia/Astia/Sensia, Type 3, L* a* b* (light D50, viewing angle 2)"
MANUFACTURER "Wolf Faust - http://www.coloraid.de"
CREATED "July 25, 2021"
PROD_DATE "2014:08"
DIFFUSE_GEOMETRY "opal"
SERIAL "F210418 Batch Average Data"
MATERIAL "Fujichrome Provia 100F (RDP III)"
KEYWORD "MEAN_DE" # Mean Delta E of samples compared to batch average
NUMBER_OF_FIELDS 18
BEGIN_DATA_FORMAT
SAMPLE_ID  XYZ_X   XYZ_Y   XYZ_Z          LAB_L   LAB_A   LAB_B          LAB_C   LAB_H          D_RED  D_GREEN  D_BLUE  D_VIS          STDEV_X STDEV_Y STDEV_Z        MEAN_DE  STDEV_DE
END_DATA_FORMAT
NUMBER_OF_SETS 288
BEGIN_DATA
A1          2.30    1.95    1.41          15.21    9.47    2.29           9.75   13.56           1.49    1.89    1.87    1.68            0.10    0.10    0.10           0.58     0.73
A2          2.80    1.89    1.11          14.87   20.60    5.74          21.38   15.56           1.30    2.11    1.96    1.65            0.06    0.06    0.06           0.55     0.72 
A3          3.32    1.89    0.89          14.88   29.53    8.99          30.87   16.94           1.16    2.35    2.03    1.61            0.07    0.05    0.05           0.54     0.69
A4          3.98    1.92    0.76          15.05   38.98   11.55          40.66   16.50           1.02    2.79    2.06    1.57            0.07    0.04    0.03           0.47     0.58 
A5         10.01    8.61    6.07          35.21   14.27    4.49          14.96   17.47           0.86    1.21    1.20    1.03            0.15    0.12    0.11           0.41     0.45
A6         12.05    8.65    5.17          35.31   28.80    9.05          30.19   17.45           0.69    1.36    1.26    1.00            0.17    0.12    0.10           0.40     0.44 
A7         14.37    8.72    4.45          35.44   43.36   13.12          45.30   16.84           0.54    1.55    1.31    0.96            0.20    0.13    0.08           0.43     0.47
A8         17.26    8.61    3.63          35.22   61.02   17.71          63.53   16.18           0.39    1.98    1.36    0.93            0.10    0.06    0.06           0.34     0.37 
A9         29.61   28.72   21.99          60.54    7.42    3.27           8.11   23.75           0.46    0.60    0.61    0.53            0.33    0.31    0.38           0.53     0.58
A10        31.83   28.78   20.90          60.59   15.45    5.51          16.40   19.64           0.38    0.64    0.63    0.52            0.34    0.31    0.38           0.57     0.62
A11        34.05   28.91   19.76          60.70   22.80    8.05          24.18   19.45           0.32    0.68    0.65    0.51            0.37    0.33    0.36           0.55     0.59
A12        38.75   28.73   17.34          60.55   39.03   13.08          41.16   18.53           0.19    0.78    0.71    0.48            0.23    0.24    0.28           0.46     0.51 
A13        73.42   77.90   62.36          90.74   -3.48    1.85           3.94  151.97           0.13    0.10    0.13    0.11            0.32    0.33    0.18           0.20     0.24
A14        76.63   78.52   63.05          91.02    1.86    1.66           2.50   41.85           0.08    0.11    0.12    0.10            0.17    0.21    0.18           0.17     0.19 
A15        77.40   80.39   60.85          91.86   -0.22    5.28           5.28   92.41           0.08    0.10    0.14    0.09            0.14    0.17    0.19           0.15     0.17
A16        75.93   78.98   62.93          91.22   -0.45    2.14           2.19  101.90           0.10    0.10    0.13    0.10            0.22    0.24    0.22           0.15     0.18
A17        75.67   77.68   59.55          90.63    1.58    4.45           4.73   70.41           0.08    0.12    0.15    0.11            0.18    0.24    0.22           0.17     0.19
A18        73.81   78.06   59.92          90.81   -2.99    4.39           5.31  124.27           0.12    0.10    0.15    0.11            0.28    0.26    0.23           0.16     0.19 
A19        70.59   74.35   61.05          89.09   -2.34    0.30           2.36  172.62           0.14    0.12    0.14    0.13            0.38    0.39    0.30           0.22     0.25
A20         6.24    2.91    1.77          19.67   47.03    5.88          47.40    7.13           0.82    2.71    1.65    1.39            0.11    0.05    0.03           0.39     0.44 
A21        26.87   18.81   14.26          50.46   40.12    3.21          40.25    4.57           0.34    1.02    0.78    0.66            0.36    0.27    0.34           0.53     0.60
A22        54.27   49.55   31.46          75.79   17.15   13.25          21.67   37.69           0.15    0.39    0.45    0.28            0.44    0.51    0.52           0.44     0.51
B1          3.28    2.94    1.64          19.78    7.73    7.56          10.81   44.37           1.35    1.67    1.84    1.50            0.07    0.06    0.03           0.41     0.44
B2          3.93    2.95    0.97          19.86   17.51   16.38          23.98   43.09           1.18    1.80    2.10    1.47            0.08    0.06    0.02           0.36     0.40
B3          4.58    2.98    0.62          19.98   26.02   22.68          34.52   41.08           1.06    1.95    2.31    1.43            0.08    0.05    0.01           0.40     0.45
B4          5.43    3.08    0.20          20.35   34.92   31.23          46.85   41.81           0.93    2.15    2.94    1.39            0.10    0.06    0.01           0.39     0.46
B5         12.76   11.38    6.49          40.22   12.50   11.24          16.81   41.98           0.76    1.07    1.19    0.91            0.19    0.15    0.13           0.44     0.48
B6         14.78   11.33    4.18          40.13   25.67   22.76          34.31   41.57           0.61    1.18    1.41    0.89            0.21    0.16    0.07           0.39     0.43
B7         17.31   11.48    2.56          40.37   39.07   34.35          52.02   41.32           0.48    1.32    1.65    0.85            0.22    0.15    0.05           0.37     0.42
B8         20.77   11.27    0.98          40.04   58.19   51.04          77.40   41.26           0.32    1.66    2.12    0.82            0.11    0.09    0.02           0.23     0.27
B9         35.04   34.84   25.44          65.62    4.97    5.63           7.51   48.54           0.40    0.50    0.55    0.45            0.38    0.39    0.43           0.55     0.60
B10        36.83   34.84   22.62          65.62   10.96   10.82          15.40   44.64           0.34    0.53    0.60    0.44            0.42    0.41    0.41           0.55     0.60
B11        38.26   34.58   19.98          65.42   16.49   15.73          22.78   43.65           0.29    0.56    0.66    0.43            0.40    0.38    0.33           0.51     0.55
B12        43.32   34.90   14.41          65.67   30.94   29.04          42.43   43.18           0.16    0.63    0.83    0.41            0.33    0.36    0.31           0.50     0.58
B13        67.06   72.87   59.52          88.38   -6.93    0.61           6.96  174.96           0.19    0.12    0.15    0.14            0.42    0.39    0.28           0.25     0.28
B14        70.08   69.32   59.15          86.66    7.04   -1.99           7.32  344.24           0.11    0.19    0.15    0.15            0.36    0.43    0.29           0.27     0.32
B15        73.29   76.76   52.25          90.21   -1.49   11.38          11.48   97.48           0.10    0.12    0.22    0.11            0.31    0.33    0.40           0.24     0.28
B16        59.21   61.45   49.27          82.62   -0.10    1.62           1.63   93.36           0.21    0.22    0.24    0.21            0.52    0.53    0.45           0.35     0.38
B17        67.50   66.77   50.78          85.39    6.94    4.69           8.38   34.07           0.11    0.21    0.22    0.17            0.42    0.50    0.43           0.29     0.33
B18        65.17   71.33   51.11          87.64   -7.94    8.21          11.42  134.04           0.19    0.13    0.23    0.15            0.50    0.46    0.42           0.29     0.33
B19        61.14   63.47   56.61          83.69   -0.14   -4.51           4.52  268.16           0.21    0.20    0.17    0.20            0.59    0.61    0.42           0.39     0.43
B20         5.02    3.03    0.97          20.18   30.73   16.87          35.05   28.76           0.99    2.04    2.04    1.42            0.09    0.05    0.02           0.39     0.43
B21        17.17   11.43    4.03          40.29   38.64   23.94          45.46   31.77           0.49    1.32    1.40    0.86            0.30    0.19    0.08           0.44     0.48
B22        33.63   28.56   16.60          60.39   22.67   14.52          26.92   32.64           0.31    0.68    0.74    0.51            0.53    0.47    0.41           0.55     0.60
C1          6.42    6.28    3.43          30.10    4.00   10.22          10.97   68.64           1.10    1.28    1.50    1.19            0.10    0.10    0.06           0.39     0.43
C2          6.83    6.26    2.10          30.06    8.37   20.56          22.20   67.86           1.03    1.32    1.78    1.17            0.10    0.09    0.04           0.32     0.36
C3          7.33    6.24    1.10          30.00   13.50   31.90          34.64   67.06           0.96    1.36    2.16    1.16            0.12    0.10    0.02           0.42     0.47
C4          7.90    6.31    0.48          30.17   18.13   42.89          46.57   67.08           0.91    1.40    2.75    1.14            0.12    0.10    0.01           0.41     0.46
C5         24.34   23.45   11.73          55.53    7.67   18.96          20.45   67.97           0.51    0.70    0.93    0.61            0.29    0.27    0.24           0.50     0.54
C6         26.18   23.50    6.42          55.59   15.19   38.04          40.96   68.23           0.43    0.74    1.26    0.59            0.27    0.23    0.11           0.39     0.43
C7         28.33   23.46    3.06          55.54   24.05   56.63          61.53   66.99           0.35    0.79    1.71    0.58            0.31    0.27    0.06           0.40     0.43
C8         30.42   23.27    0.91          55.35   32.83   78.51          85.09   67.30           0.30    0.86    2.66    0.56            0.30    0.25    0.02           0.34     0.38
C9         41.12   41.63   28.13          70.62    3.00    9.63          10.09   72.70           0.33    0.41    0.51    0.37            0.43    0.43    0.46           0.52     0.58
C10        42.27   41.81   24.17          70.74    5.93   16.74          17.76   70.49           0.30    0.42    0.58    0.36            0.45    0.45    0.42           0.54     0.59
C11        43.22   41.55   19.48          70.56    9.58   25.64          27.37   69.52           0.26    0.44    0.70    0.36            0.44    0.44    0.37           0.51     0.55
C12        48.08   41.73    8.14          70.69   22.83   57.06          61.46   68.19           0.14    0.50    1.18    0.33            0.30    0.38    0.16           0.40     0.47
C13        60.16   67.97   57.90          85.99  -12.36   -1.88          12.50  188.64           0.27    0.13    0.17    0.18            0.45    0.40    0.28           0.30     0.35
C14        64.90   60.99   56.47          82.37   14.16   -6.64          15.64  334.88           0.12    0.27    0.16    0.20            0.39    0.48    0.31           0.34     0.40
C15        71.24   75.03   42.96          89.41   -2.33   20.85          20.98   96.38           0.10    0.13    0.32    0.12            0.30    0.34    0.54           0.39     0.47
C16        46.20   47.99   38.46          74.82   -0.22    1.53           1.54   98.13           0.32    0.33    0.35    0.32            0.56    0.56    0.55           0.47     0.52
C17        59.91   56.12   40.15          79.68   14.24    7.66          16.17   28.29           0.13    0.31    0.33    0.23            0.43    0.51    0.56           0.39     0.46
C18        56.92   65.28   41.67          84.63  -14.31   14.24          20.19  135.13           0.27    0.15    0.34    0.19            0.51    0.47    0.49           0.43     0.48
C19        49.64   51.55   52.55          77.01   -0.18  -11.70          11.71  269.12           0.32    0.29    0.20    0.29            0.58    0.60    0.36           0.46     0.53
C20        12.45    9.07    1.13          36.11   28.07   42.00          50.52   56.24           0.66    1.33    2.15    0.97            0.23    0.16    0.03           0.43     0.49
C21        22.10   20.43   10.99          52.32   11.50   15.67          19.44   53.71           0.54    0.78    0.95    0.66            0.35    0.31    0.25           0.51     0.55
C22        27.71   23.33   10.70          55.41   22.15   21.90          31.15   44.67           0.38    0.78    0.96    0.59            0.44    0.38    0.24           0.49     0.54
D1          4.19    4.38    2.35          24.90   -0.49    9.44           9.45   93.00           1.33    1.40    1.69    1.35            0.07    0.07    0.04           0.38     0.40
D2          4.18    4.40    1.42          24.96   -0.93   18.95          18.97   92.82           1.32    1.39    1.99    1.34            0.08    0.09    0.03           0.40     0.44
D3          4.13    4.35    0.81          24.79   -0.85   27.46          27.47   91.78           1.32    1.39    2.37    1.34            0.07    0.07    0.02           0.35     0.38
D4          4.13    4.38    0.51          24.90   -1.31   33.26          33.29   92.26           1.33    1.38    2.74    1.34            0.07    0.07    0.01           0.37     0.40
D5         17.85   18.73    9.33          50.37   -1.13   17.73          17.77   93.66           0.70    0.75    1.05    0.72            0.22    0.21    0.17           0.42     0.47
D6         17.68   18.56    5.03          50.16   -1.11   35.36          35.38   91.80           0.68    0.76    1.41    0.72            0.22    0.22    0.09           0.41     0.45
D7         17.65   18.64    2.37          50.26   -1.73   53.03          53.06   91.87           0.69    0.75    1.93    0.71            0.22    0.22    0.04           0.37     0.41
D8         17.51   18.62    1.11          50.24   -2.36   66.68          66.72   92.03           0.72    0.74    2.62    0.71            0.22    0.22    0.02           0.46     0.52
D9         46.92   49.04   24.53          75.48   -1.03   24.25          24.27   92.42           0.27    0.32    0.59    0.30            0.46    0.47    0.47           0.52     0.58
D10        46.53   48.86   13.92          75.36   -1.62   47.02          47.05   91.97           0.26    0.33    0.91    0.30            0.45    0.47    0.29           0.47     0.51
D11        46.28   48.89    7.10          75.38   -2.42   69.27          69.31   92.00           0.26    0.32    1.34    0.29            0.42    0.44    0.11           0.33     0.37
D12        45.30   48.21    2.05          74.95   -3.34   98.44          98.50   91.95           0.30    0.32    2.47    0.29            0.38    0.36    0.03           0.29     0.33
D13        53.88   63.34   56.50          83.62  -17.58   -4.51          18.15  194.39           0.36    0.15    0.18    0.22            0.39    0.34    0.24           0.28     0.35
D14        59.24   52.34   53.32          77.48   22.12  -11.73          25.04  332.08           0.13    0.37    0.18    0.26            0.41    0.51    0.32           0.43     0.50
D15        69.41   73.34   34.14          88.61   -2.80   31.34          31.47   95.11           0.10    0.14    0.44    0.13            0.33    0.38    0.54           0.45     0.54
D16        34.90   36.25   28.96          66.71   -0.19    1.54           1.55   96.85           0.44    0.46    0.49    0.44            0.52    0.52    0.56           0.56     0.62
D17        51.96   45.41   29.85          73.16   22.56   11.23          25.20   26.47           0.14    0.45    0.47    0.31            0.43    0.49    0.57           0.51     0.58
D18        49.51   59.58   32.96          81.61  -20.35   21.01          29.25  134.09           0.35    0.17    0.46    0.24            0.53    0.51    0.55           0.54     0.60
D19        39.18   40.56   48.51          69.86    0.22  -19.50          19.50  270.66           0.45    0.40    0.23    0.40            0.59    0.61    0.39           0.56     0.64
D20         2.98    2.96    1.03          19.87    2.29   15.39          15.56   81.55           1.43    1.60    2.12    1.51            0.05    0.04    0.02           0.32     0.35
D21        31.24   28.67    1.49          60.49   13.72   79.37          80.55   80.19           0.37    0.64    2.41    0.50            0.45    0.43    0.04           0.49     0.54
D22        40.55   43.84   49.89          72.12   -5.23  -17.18          17.96  253.08           0.46    0.34    0.22    0.38            0.54    0.57    0.34           0.53     0.59
E1          5.52    6.24    3.46          30.00   -5.64    9.85          11.35  119.82           1.26    1.21    1.52    1.21            0.09    0.09    0.06           0.38     0.41
E2          5.07    6.21    2.19          29.95  -10.71   19.57          22.30  118.69           1.33    1.18    1.80    1.21            0.08    0.10    0.04           0.33     0.36
E3          4.59    6.16    1.34          29.81  -16.24   28.34          32.66  119.81           1.43    1.14    2.15    1.22            0.08    0.10    0.03           0.35     0.38
E4          4.29    6.22    0.74          29.95  -20.92   37.70          43.12  119.02           1.54    1.10    2.68    1.22            0.07    0.09    0.02           0.41     0.45
E5         25.13   28.49   15.11          60.32   -9.59   18.04          20.43  118.00           0.60    0.53    0.82    0.55            0.28    0.27    0.28           0.48     0.52
E6         22.96   28.32    9.18          60.18  -18.44   35.14          39.69  117.68           0.68    0.50    1.12    0.55            0.31    0.38    0.21           0.42     0.49
E7         20.80   28.31    5.24          60.17  -28.46   51.52          58.86  118.91           0.79    0.46    1.51    0.56            0.18    0.23    0.07           0.31     0.35
E8         18.19   27.72    2.12          59.63  -39.26   71.41          81.49  118.80           0.98    0.42    2.34    0.58            0.11    0.14    0.03           0.23     0.26
E9         44.98   48.80   31.60          75.33   -5.88   12.22          13.56  115.67           0.34    0.31    0.46    0.31            0.35    0.33    0.39           0.42     0.47
E10        42.78   48.72   25.13          75.28  -12.09   22.81          25.82  117.92           0.37    0.29    0.59    0.32            0.53    0.54    0.51           0.54     0.60
E11        40.47   48.29   19.83          75.00  -17.91   32.57          37.17  118.80           0.42    0.27    0.72    0.32            0.41    0.43    0.40           0.52     0.57
E12        37.21   48.33   11.98          75.04  -28.38   51.84          59.10  118.70           0.50    0.24    1.03    0.33            0.33    0.33    0.20           0.38     0.42
E13        48.01   58.83   55.22          81.20  -22.68   -7.35          23.84  197.96           0.46    0.16    0.19    0.26            0.37    0.34    0.23           0.30     0.36
E14        53.49   44.11   49.91          72.30   30.22  -16.90          34.62  330.79           0.15    0.49    0.20    0.33            0.42    0.50    0.33           0.48     0.57
E15        67.80   71.66   26.41          87.80   -2.80   42.17          42.26   93.80           0.10    0.15    0.58    0.13            0.31    0.37    0.49           0.49     0.59
E16        25.46   26.46   21.19          58.47   -0.23    1.28           1.30  100.04           0.57    0.60    0.63    0.58            0.40    0.40    0.46           0.55     0.62
E17        44.25   35.70   20.93          66.29   30.98   15.29          34.55   26.27           0.17    0.62    0.63    0.40            0.59    0.56    0.59           0.61     0.73
E18        42.76   54.12   25.48          78.53  -26.18   27.81          38.19  133.27           0.44    0.20    0.60    0.28            0.50    0.49    0.51           0.57     0.65
E19        30.20   31.13   44.65          62.61    0.72  -27.44          27.45  271.50           0.60    0.51    0.26    0.53            0.46    0.51    0.34           0.55     0.64
E20         7.15    8.41    1.31          34.83   -9.05   37.31          38.39  103.63           1.15    1.05    2.21    1.07            0.12    0.13    0.03           0.35     0.39
E21        24.97   29.61    6.33          61.31  -14.53   48.31          50.45  106.73           0.61    0.49    1.36    0.53            0.41    0.46    0.15           0.46     0.52
E22         8.69   18.26   13.34          49.80  -59.46    4.52          59.63  175.65           1.82    0.53    0.92    0.82            0.11    0.20    0.30           0.46     0.53
F1          3.54    4.37    3.08          24.86   -9.95    3.62          10.59  159.99           1.52    1.33    1.56    1.38            0.06    0.07    0.04           0.37     0.40
F2          2.99    4.46    2.63          25.14  -20.28    7.56          21.64  159.56           1.72    1.25    1.68    1.39            0.05    0.07    0.04           0.36     0.41
F3          2.39    4.33    2.18          24.73  -29.73   10.63          31.58  160.33           1.98    1.21    1.81    1.42            0.05    0.08    0.04           0.35     0.38
F4          1.70    4.28    1.69          24.56  -44.63   15.27          47.17  161.11           2.54    1.13    2.04    1.45            0.03    0.07    0.03           0.32     0.37
F5         11.60   14.59   10.14          45.06  -16.38    5.86          17.40  160.30           1.04    0.79    1.00    0.86            0.16    0.18    0.17           0.43     0.46
F6          9.30   14.47    8.50          44.89  -33.16   11.25          35.01  161.26           1.30    0.72    1.12    0.88            0.12    0.17    0.15           0.42     0.46
F7          7.41   14.33    7.08          44.70  -49.03   16.44          51.72  161.46           1.63    0.66    1.25    0.91            0.09    0.16    0.10           0.38     0.42
F8          5.94   14.20    5.87          44.52  -63.44   21.49          66.98  161.29           2.04    0.61    1.40    0.93            0.06    0.12    0.08           0.32     0.35
F9         29.89   34.21   25.28          65.13  -11.32    5.06          12.39  155.93           0.57    0.44    0.56    0.48            0.36    0.37    0.43           0.50     0.56
F10        26.87   34.38   23.43          65.26  -23.69    8.65          25.22  159.94           0.69    0.39    0.61    0.49            0.31    0.36    0.44           0.50     0.56
F11        23.98   34.15   21.15          65.08  -35.04   12.75          37.29  160.00           0.83    0.36    0.67    0.50            0.25    0.32    0.38           0.49     0.55
F12        19.92   33.79   18.38          64.79  -52.67   18.06          55.68  161.07           1.08    0.31    0.77    0.52            0.13    0.15    0.32           0.52     0.60
F13        42.52   54.39   53.90          78.69  -27.56  -10.27          29.41  200.43           0.56    0.18    0.20    0.30            0.33    0.29    0.20           0.32     0.36
F14        47.82   36.60   46.31          66.97   38.13  -21.91          43.98  330.11           0.17    0.62    0.23    0.40            0.38    0.42    0.31           0.43     0.52
F15        66.37   69.90   19.88          86.95   -2.26   53.06          53.10   92.44           0.10    0.16    0.74    0.14            0.25    0.31    0.39           0.51     0.61
F16        17.56   18.31   14.81          49.87   -0.52    0.77           0.93  124.15           0.74    0.76    0.80    0.74            0.30    0.30    0.36           0.55     0.62
F17        37.34   27.55   13.83          59.48   39.13   19.88          43.89   26.93           0.20    0.81    0.82    0.50            0.31    0.31    0.34           0.52     0.61
F18        36.55   48.75   19.09          75.29  -31.65   34.63          46.92  132.42           0.54    0.23    0.76    0.33            0.40    0.40    0.38           0.52     0.59
F19        22.85   23.42   40.98          55.50    1.20  -35.09          35.11  271.96           0.77    0.63    0.29    0.66            0.37    0.41    0.31           0.55     0.64
F20         1.50    2.97    0.67          19.92  -30.00   21.63          36.98  144.21           2.25    1.34    2.59    1.58            0.02    0.04    0.01           0.32     0.35
F21         4.67   10.83    1.41          39.30  -56.12   43.80          71.19  142.03           2.09    0.71    2.49    1.03            0.04    0.09    0.02           0.27     0.33
F22         8.74   17.49    1.90          48.87  -54.99   54.98          77.76  135.01           1.61    0.54    2.35    0.81            0.06    0.09    0.03           0.21     0.26
G1          2.46    2.94    2.53          19.80   -7.11   -0.90           7.17  187.24           1.67    1.52    1.63    1.55            0.05    0.05    0.05           0.36     0.39
G2          2.13    2.96    2.69          19.87  -14.43   -1.99          14.57  187.87           1.85    1.46    1.62    1.57            0.04    0.05    0.05           0.37     0.41
G3          1.78    2.87    2.85          19.52  -20.94   -3.85          21.29  190.41           2.09    1.43    1.59    1.61            0.04    0.05    0.05           0.32     0.35
G4          1.37    2.99    3.15          20.02  -34.09   -5.21          34.48  188.69           2.66    1.34    1.57    1.62            0.02    0.04    0.07           0.33     0.36
G5         12.01   14.72   12.88          45.25  -14.29   -2.07          14.44  188.24           1.03    0.79    0.87    0.86            0.17    0.18    0.25           0.50     0.54
G6          9.85   14.51   13.74          44.95  -28.98   -4.93          29.39  189.66           1.31    0.73    0.85    0.89            0.13    0.18    0.26           0.48     0.51
G7          8.08   14.29   14.41          44.64  -42.57   -7.23          43.18  189.64           1.66    0.68    0.84    0.92            0.11    0.17    0.27           0.45     0.50
G8          6.71   14.21   15.51          44.54  -55.25  -10.19          56.18  190.45           2.15    0.63    0.82    0.94            0.08    0.14    0.30           0.47     0.53
G9         30.20   34.43   28.94          65.30  -10.86   -0.86          10.90  184.55           0.57    0.44    0.49    0.48            0.37    0.39    0.50           0.51     0.57
G10        27.18   34.48   30.06          65.34  -22.76   -2.59          22.91  186.50           0.72    0.39    0.48    0.49            0.32    0.36    0.48           0.46     0.51
G11        24.28   34.15   31.20          65.08  -33.76   -4.83          34.10  188.15           0.88    0.36    0.47    0.51            0.26    0.31    0.40           0.41     0.45
G12        19.69   33.20   32.99          64.33  -51.79   -8.84          52.54  189.69           1.25    0.31    0.45    0.55            0.11    0.12    0.36           0.47     0.55
G13        38.17   50.72   52.78          76.51  -31.60  -12.82          34.10  202.09           0.66    0.20    0.21    0.34            0.29    0.27    0.21           0.30     0.34
G14        42.69   30.33   42.72          61.94   45.14  -26.22          52.21  329.85           0.20    0.76    0.26    0.48            0.32    0.34    0.28           0.38     0.47
G15        65.31   68.32   14.83          86.17   -1.28   63.29          63.31   91.16           0.10    0.18    0.91    0.15            0.28    0.36    0.32           0.47     0.55
G16        11.81   12.23    9.91          41.58    0.07    0.62           0.62   83.35           0.91    0.95    0.98    0.91            0.22    0.22    0.25           0.50     0.56
G17        31.39   21.11    8.71          53.07   46.24   24.58          52.37   28.00           0.23    1.02    1.03    0.60            0.23    0.22    0.23           0.51     0.58
G18        31.57   44.10   14.19          72.29  -35.96   41.01          54.54  131.25           0.64    0.25    0.93    0.38            0.33    0.34    0.27           0.46     0.52
G19        17.34   17.49   37.52          48.87    2.57  -41.94          42.01  273.51           0.96    0.76    0.33    0.80            0.30    0.34    0.34           0.51     0.60
G20         2.79    5.93    2.09          29.22  -41.35   19.28          45.63  155.00           2.09    1.02    1.92    1.29            0.07    0.15    0.06           0.44     0.62
G21         5.45    9.40    7.39          36.75  -35.52    1.48          35.55  177.61           1.69    0.88    1.17    1.09            0.09    0.14    0.16           0.42     0.47
G22         1.50    1.88    4.12          14.84   -8.12  -20.46          22.01  248.36           2.20    1.69    1.35    1.81            0.03    0.03    0.09           0.39     0.43
H1          2.57    2.96    3.13          19.87   -5.18   -5.39           7.47  226.12           1.65    1.54    1.51    1.55            0.05    0.05    0.06           0.36     0.39
H2          2.28    2.94    4.01          19.80  -10.81  -11.25          15.61  226.14           1.85    1.49    1.39    1.58            0.04    0.05    0.08           0.39     0.42
H3          2.09    2.95    4.92          19.85  -15.06  -16.32          22.21  227.30           2.07    1.45    1.29    1.61            0.04    0.06    0.10           0.43     0.46
H4          1.79    2.93    6.44          19.76  -21.88  -23.80          32.33  227.40           2.69    1.40    1.17    1.65            0.04    0.05    0.13           0.42     0.47
H5          9.77   11.38   12.35          40.21   -9.14   -9.28          13.03  225.44           1.11    0.92    0.87    0.97            0.14    0.14    0.22           0.48     0.52
H6          8.67   11.27   15.43          40.03  -17.50  -17.76          24.94  225.42           1.33    0.88    0.77    1.00            0.12    0.15    0.24           0.46     0.49
H7          7.77   11.24   19.86          39.98  -25.31  -27.88          37.65  227.77           1.67    0.83    0.65    1.03            0.11    0.15    0.33           0.45     0.49
H8          6.79   11.05   24.59          39.66  -33.48  -37.61          50.35  228.33           2.33    0.78    0.55    1.07            0.08    0.12    0.31           0.40     0.45
H9         32.19   34.88   30.70          65.65   -5.10   -3.06           5.95  211.01           0.51    0.45    0.46    0.47            0.39    0.40    0.48           0.48     0.53
H10        30.28   34.44   34.53          65.31  -10.61   -9.40          14.18  221.54           0.60    0.43    0.40    0.48            0.37    0.39    0.49           0.45     0.51
H11        29.02   34.36   38.28          65.24  -15.10  -14.75          21.11  224.32           0.68    0.41    0.35    0.49            0.31    0.34    0.40           0.39     0.44
H12        26.39   34.17   46.82          65.09  -24.90  -25.75          35.82  225.96           0.88    0.37    0.26    0.52            0.27    0.34    0.22           0.37     0.45
H13        34.26   47.25   51.63          74.35  -35.28  -15.29          38.45  203.42           0.77    0.21    0.22    0.37            0.23    0.22    0.20           0.26     0.31
H14        38.47   25.55   39.50          57.60   50.82  -29.55          58.78  329.83           0.22    0.89    0.28    0.54            0.29    0.28    0.27           0.33     0.41
H15        64.40   66.79   11.07          85.40    0.01   72.45          72.45   90.00           0.10    0.19    1.09    0.15            0.32    0.39    0.21           0.39     0.45
H16         7.46    7.73    6.29          33.40    0.10    0.36           0.38   74.51           1.10    1.15    1.19    1.11            0.14    0.14    0.13           0.42     0.46
H17        26.56   16.35    5.28          47.43   51.90   29.38          59.63   29.51           0.27    1.25    1.26    0.69            0.16    0.14    0.11           0.35     0.40
H18        27.13   39.68   10.52          69.24  -39.80   46.32          61.07  130.67           0.74    0.29    1.11    0.43            0.24    0.27    0.19           0.39     0.44
H19        13.15   13.04   34.39          42.82    3.84  -47.97          48.13  274.58           1.17    0.88    0.36    0.94            0.21    0.24    0.26           0.49     0.57
H20         1.44    2.22    3.11          16.59  -17.23  -10.84          20.36  212.18           2.23    1.56    1.52    1.73            0.02    0.03    0.05           0.28     0.31
H21         4.76    7.85   11.25          33.66  -30.62  -17.32          35.18  209.49           1.92    0.96    0.93    1.19            0.08    0.11    0.23           0.37     0.43
H22         1.42    0.75    1.49           6.77   24.46  -13.25          27.82  331.55           1.59    2.81    1.73    2.04            0.04    0.02    0.03           0.41     0.46
I1          4.23    4.33    6.06          24.72    0.77  -13.56          13.59  273.25           1.42    1.41    1.18    1.38            0.09    0.10    0.13           0.46     0.50
I2          4.33    4.38    9.47          24.89    1.45  -26.70          26.74  273.11           1.53    1.39    0.95    1.40            0.08    0.08    0.17           0.52     0.55
I3          4.38    4.40   14.09          24.95    1.97  -40.36          40.40  272.80           1.78    1.36    0.76    1.44            0.07    0.07    0.22           0.55     0.59
I4          4.40    4.35   21.09          24.81    2.84  -56.56          56.63  272.87           2.65    1.31    0.58    1.51            0.04    0.06    0.19           0.39     0.42
I5         14.11   14.63   15.35          45.13   -0.03   -8.77           8.77  269.83           0.86    0.86    0.77    0.84            0.19    0.17    0.28           0.55     0.60
I6         14.30   14.65   20.43          45.15    1.06  -20.14          20.17  273.01           0.90    0.86    0.62    0.85            0.21    0.19    0.35           0.50     0.54
I7         14.36   14.69   25.60          45.21    1.22  -29.85          29.87  272.34           0.96    0.85    0.51    0.86            0.19    0.19    0.39           0.47     0.51
I8         14.43   14.68   35.79          45.20    1.69  -45.88          45.91  272.11           1.11    0.82    0.35    0.89            0.17    0.19    0.17           0.37     0.44
I9         33.31   34.61   31.54          65.45   -0.23   -4.71           4.72  267.15           0.47    0.47    0.44    0.46            0.37    0.38    0.47           0.47     0.52
I10        33.27   34.41   35.22          65.28    0.34  -10.43          10.44  271.89           0.49    0.48    0.38    0.47            0.42    0.40    0.48           0.48     0.53
I11        33.41   34.54   38.63          65.39    0.35  -14.96          14.97  271.33           0.50    0.47    0.34    0.47            0.40    0.39    0.41           0.43     0.48
I12        33.84   34.79   46.55          65.59    1.03  -24.58          24.60  272.39           0.53    0.46    0.24    0.48            0.38    0.39    0.24           0.42     0.50
I13        30.87   44.07   50.52          72.28  -38.46  -17.62          42.30  204.61           0.88    0.23    0.23    0.41            0.19    0.18    0.17           0.22     0.28
I14        35.05   21.94   36.67          53.97   55.26  -31.98          63.85  329.94           0.24    1.02    0.31    0.60            0.26    0.23    0.23           0.31     0.38
I15        63.68   65.32    8.13          84.65    1.60   81.14          81.16   88.87           0.10    0.21    1.30    0.16            0.23    0.31    0.14           0.30     0.36
I16         4.28    4.44    3.63          25.08   -0.01    0.24           0.24   93.36           1.34    1.40    1.45    1.35            0.09    0.08    0.08           0.39     0.42
I17        22.55   12.79    2.98          42.44   56.15   34.63          65.97   31.66           0.31    1.50    1.52    0.78            0.14    0.11    0.07           0.33     0.39
I18        23.28   35.55    7.59          66.17  -42.86   51.41          66.93  129.82           0.84    0.32    1.31    0.48            0.19    0.22    0.12           0.27     0.31
I19         9.97    9.61   31.34          37.13    5.64  -53.23          53.52  276.05           1.41    1.01    0.40    1.09            0.13    0.16    0.21           0.43     0.50
I20         6.79    7.95   16.15          33.87   -8.52  -30.12          31.30  254.21           1.48    1.06    0.72    1.16            0.11    0.12    0.30           0.49     0.53
I21        10.81   14.36   27.28          44.74  -20.74  -33.56          39.46  238.28           1.45    0.74    0.49    0.92            0.15    0.18    0.38           0.41     0.44
I22         0.75    0.69    0.19           6.27    3.45    7.17           7.95   64.26           1.99    2.28    2.95    2.12            0.02    0.01    0.00           0.26     0.29
J1          1.29    1.10    2.10           9.77    7.70  -14.39          16.32  298.16           1.85    2.12    1.63    1.97            0.03    0.03    0.04           0.38     0.41
J2          1.57    1.10    4.08           9.77   15.54  -28.96          32.87  298.21           1.87    2.20    1.29    1.99            0.03    0.03    0.07           0.43     0.47
J3          2.00    1.18    7.44          10.37   23.69  -44.20          50.15  298.19           1.98    2.20    1.01    2.01            0.04    0.03    0.13           0.53     0.56
J4          2.39    1.12   12.67           9.98   33.87  -62.30          70.92  298.53           2.90    2.22    0.76    2.16            0.03    0.02    0.11           0.32     0.37
J5          8.75    8.44   10.00          34.87    5.37  -11.25          12.46  295.51           1.04    1.14    0.95    1.08            0.14    0.12    0.19           0.52     0.56
J6          9.82    8.64   14.17          35.29   12.45  -22.73          25.92  298.71           0.99    1.17    0.77    1.07            0.16    0.13    0.28           0.53     0.58
J7         10.47    8.52   18.66          35.05   18.50  -33.82          38.55  298.68           0.98    1.21    0.63    1.08            0.16    0.12    0.31           0.50     0.55
J8         12.06    8.63   28.82          35.27   29.10  -52.46          59.98  299.02           0.98    1.24    0.42    1.08            0.20    0.17    0.21           0.40     0.48
J9         28.35   28.55   26.32          60.38    3.23   -4.95           5.91  303.18           0.52    0.58    0.52    0.54            0.36    0.33    0.45           0.56     0.61
J10        29.21   28.65   29.59          60.47    6.19  -10.24          11.96  301.14           0.51    0.59    0.46    0.54            0.43    0.40    0.50           0.51     0.57
J11        29.86   28.42   33.66          60.27    9.53  -16.83          19.34  299.53           0.50    0.60    0.39    0.55            0.41    0.37    0.44           0.45     0.50
J12        32.05   28.74   43.18          60.55   16.40  -29.19          33.48  299.32           0.47    0.62    0.27    0.54            0.41    0.39    0.26           0.44     0.51
J13        28.20   41.45   49.52          70.49  -40.93  -19.57          45.37  205.55           0.97    0.25    0.24    0.44            0.18    0.18    0.17           0.24     0.29
J14        32.32   19.23   34.20          50.96   58.71  -33.66          67.68  330.17           0.26    1.14    0.34    0.65            0.24    0.21    0.24           0.30     0.37
J15        62.96   63.78    5.98          83.85    3.38   88.76          88.82   87.82           0.10    0.22    1.52    0.17            0.38    0.44    0.08           0.29     0.33
J16         2.16    2.23    1.86          16.66    0.16   -0.15           0.22  316.13           1.63    1.71    1.76    1.65            0.04    0.04    0.03           0.34     0.38
J17        19.12   10.05    1.56          37.94   59.09   39.72          71.20   33.90           0.35    1.78    1.82    0.86            0.10    0.07    0.03           0.26     0.29
J18        20.25   32.03    5.47          63.37  -44.90   55.88          71.69  128.78           0.94    0.35    1.54    0.52            0.16    0.19    0.09           0.25     0.29
J19         7.68    7.07   28.44          31.96    8.43  -57.52          58.13  278.34           1.68    1.15    0.44    1.25            0.09    0.12    0.18           0.41     0.47
J20         1.33    0.52    6.98           4.67   30.73  -52.14          60.52  300.52           2.99    2.71    1.01    2.50            0.02    0.01    0.08           0.38     0.45
J21         9.03    7.96   18.83          33.91   11.93  -36.16          38.08  288.26           1.13    1.18    0.63    1.13            0.15    0.12    0.29           0.50     0.54
J22         0.53    0.74    0.24           6.69   -7.28    6.91          10.04  136.50           2.36    2.06    2.91    2.15            0.01    0.02    0.01           0.25     0.28
K1          2.30    1.92    2.31          15.07   10.04   -7.19          12.35  324.41           1.53    1.90    1.61    1.70            0.05    0.04    0.04           0.37     0.40
K2          2.84    1.91    3.25          14.99   20.88  -14.59          25.47  325.06           1.37    2.07    1.42    1.67            0.06    0.04    0.06           0.40     0.43
K3          3.39    1.85    4.37          14.66   31.68  -22.22          38.69  324.95           1.25    2.32    1.25    1.66            0.06    0.04    0.08           0.46     0.50
K4          4.26    1.93    5.93          15.11   42.60  -29.53          51.84  325.27           1.11    2.62    1.08    1.62            0.07    0.04    0.10           0.43     0.48
K5          7.34    6.26    7.17          30.06   13.42   -9.18          16.26  325.64           1.03    1.35    1.09    1.19            0.12    0.09    0.13           0.47     0.51
K6          9.14    6.32   10.07          30.21   28.76  -19.52          34.76  325.84           0.87    1.50    0.91    1.16            0.15    0.10    0.19           0.52     0.57
K7         10.85    6.30   13.21          30.16   42.43  -29.02          51.41  325.64           0.75    1.67    0.76    1.14            0.16    0.09    0.18           0.46     0.52
K8         13.57    6.42   18.28          30.45   59.85  -40.92          72.50  325.64           0.61    1.97    0.58    1.10            0.25    0.14    0.21           0.35     0.42
K9         24.60   23.33   21.92          55.41    9.33   -5.43          10.79  329.78           0.55    0.70    0.60    0.62            0.33    0.28    0.38           0.55     0.60
K10        26.81   23.23   25.21          55.31   18.96  -11.74          22.30  328.23           0.48    0.75    0.52    0.62            0.39    0.31    0.41           0.53     0.58
K11        29.46   23.43   29.06          55.51   28.50  -17.94          33.67  327.81           0.40    0.80    0.44    0.60            0.38    0.29    0.37           0.45     0.49
K12        34.73   23.40   38.54          55.48   47.63  -31.92          57.34  326.17           0.28    0.92    0.29    0.59            0.38    0.32    0.25           0.36     0.45
K13        26.11   39.32   48.68          68.98  -42.80  -21.22          47.78  206.37           1.06    0.26    0.25    0.47            0.15    0.16    0.15           0.23     0.29
K14        30.07   17.13   32.02          48.43   61.35  -34.78          70.52  330.45           0.28    1.24    0.36    0.69            0.20    0.16    0.22           0.27     0.33
K15        62.52   62.37    4.28          83.11    5.56   96.31          96.47   86.70           0.10    0.24    1.79    0.17            0.18    0.23    0.05           0.21     0.24
K16         0.90    0.93    0.76           8.42   -0.06    0.14           0.15  112.22           2.00    2.10    2.18    2.03            0.02    0.02    0.02           0.32     0.36
K17        16.16    7.95    0.69          33.88   60.68   45.42          75.79   36.82           0.40    2.10    2.21    0.95            0.09    0.06    0.01           0.22     0.24
K18        17.80   28.83    3.76          60.63  -45.63   60.69          75.93  126.94           1.03    0.39    1.82    0.57            0.11    0.13    0.04           0.19     0.23
K19         6.03    5.19   25.66          27.26   11.97  -60.90          62.07  281.12           2.00    1.29    0.48    1.41            0.06    0.08    0.16           0.35     0.41
K20         3.70    1.93    7.21          15.14   34.37  -35.07          49.10  314.42           1.29    2.26    1.01    1.67            0.07    0.04    0.13           0.52     0.56
K21        15.41   11.49   23.04          40.39   28.31  -33.49          43.85  310.20           0.73    1.14    0.53    0.92            0.24    0.17    0.34           0.51     0.56
K22         0.60    1.01    1.74           9.06  -14.77  -12.08          19.08  219.29           2.79    1.89    1.78    2.10            0.01    0.02    0.03           0.25     0.28
L1          2.21    1.85    1.69          14.70    9.60   -1.75           9.76  349.65           1.52    1.92    1.78    1.70            0.05    0.05    0.05           0.40     0.43
L2          2.79    1.89    1.86          14.88   20.45   -3.29          20.71  350.87           1.33    2.09    1.69    1.66            0.06    0.04    0.04           0.39     0.42
L3          3.38    1.88    2.03          14.83   30.69   -5.05          31.11  350.65           1.17    2.36    1.62    1.63            0.07    0.04    0.04           0.36     0.41
L4          4.08    1.94    2.25          15.14   40.03   -6.48          40.55  350.81           1.04    2.75    1.54    1.58            0.08    0.04    0.04           0.37     0.42
L5          7.60    6.28    5.65          30.10   15.62   -2.33          15.80  351.52           0.98    1.38    1.21    1.17            0.12    0.09    0.09           0.45     0.49
L6          9.45    6.24    6.30          30.00   32.23   -5.54          32.71  350.26           0.79    1.58    1.13    1.14            0.16    0.11    0.12           0.51     0.56
L7         11.76    6.36    6.99          30.31   48.37   -7.99          49.02  350.62           0.62    1.86    1.05    1.09            0.19    0.10    0.14           0.53     0.58
L8         14.41    6.45    7.97          30.51   64.84  -11.58          65.87  349.87           0.47    2.40    0.95    1.05            0.08    0.04    0.13           0.41     0.46
L9         24.62   23.35   19.47          55.43    9.30   -0.44           9.31  357.32           0.54    0.70    0.66    0.62            0.35    0.30    0.37           0.58     0.62
L10        27.14   23.22   20.31          55.30   20.35   -2.40          20.49  353.26           0.44    0.76    0.63    0.61            0.40    0.31    0.38           0.59     0.66
L11        29.51   23.05   21.23          55.12   30.38   -4.56          30.72  351.46           0.36    0.83    0.60    0.60            0.41    0.31    0.40           0.60     0.65
L12        34.38   23.05   22.67          55.12   48.01   -7.38          48.57  351.26           0.23    0.96    0.55    0.57            0.24    0.21    0.39           0.51     0.56
L13        22.63   35.51   46.96          66.15  -45.65  -24.10          51.62  207.83           1.23    0.29    0.27    0.52            0.15    0.18    0.23           0.24     0.27
L14        24.89   12.75   26.44          42.39   66.70  -36.19          75.88  331.51           0.33    1.55    0.43    0.80            0.20    0.14    0.20           0.26     0.30
L15        61.11   58.64    2.12          81.10   10.98  108.38         108.94   84.22           0.10    0.29    2.49    0.19            0.18    0.22    0.03           0.17     0.19
L16         0.10    0.09    0.07           0.82    0.45    0.02           0.45    3.01           2.89    3.19    3.27    3.02            0.01    0.01    0.00           0.09     0.10
L17        11.22    5.00    0.08          26.74   59.85   44.64          74.67   36.72           0.52    2.89    3.29    1.13            0.05    0.03    0.01           0.13     0.15
L18        13.74   22.86    1.73          54.93  -44.57   67.16          80.60  123.57           1.20    0.47    2.51    0.67            0.08    0.10    0.02           0.20     0.24
L19         3.69    2.38   19.09          17.37   24.74  -65.25          69.78  290.76           2.75    1.72    0.59    1.81            0.03    0.04    0.14           0.31     0.35
L20         5.92    2.99    4.95          20.01   42.05  -16.19          45.06  338.94           0.93    2.30    1.19    1.42            0.12    0.06    0.10           0.50     0.55
L21        15.46   11.33   12.41          40.13   29.67   -9.60          31.19  342.08           0.63    1.20    0.83    0.90            0.25    0.17    0.22           0.57     0.62
L22         1.73    0.98    0.13           8.83   23.91   12.79          27.12   28.14           1.43    2.65    3.05    1.89            0.03    0.02    0.01           0.35     0.40
GS0        77.72   80.62   63.60          91.96   -0.01    2.77           2.77   90.30           0.08    0.10    0.12    0.09            0.16    0.19    0.19           0.16     0.18
GS1        58.62   60.95   48.30          82.35   -0.34    2.27           2.29   98.50           0.21    0.22    0.25    0.21            0.37    0.34    0.39           0.31     0.34
GS2        51.57   53.74   43.03          78.31   -0.64    1.63           1.75  111.56           0.27    0.28    0.30    0.27            0.37    0.33    0.40           0.37     0.41
GS3        45.20   47.00   37.76          74.19   -0.35    1.39           1.44  104.16           0.33    0.34    0.36    0.33            0.44    0.37    0.43           0.47     0.51
GS4        39.67   41.41   33.09          70.46   -0.79    1.59           1.78  116.38           0.39    0.39    0.42    0.38            0.39    0.34    0.40           0.51     0.55
GS5        34.34   35.85   28.84          66.41   -0.81    1.21           1.45  123.66           0.45    0.46    0.49    0.45            0.38    0.33    0.39           0.57     0.62
GS6        29.46   30.58   24.49          62.15   -0.08    1.34           1.34   93.35           0.51    0.53    0.56    0.51            0.33    0.30    0.38           0.56     0.62
GS7        25.25   26.32   21.24          58.34   -0.54    0.95           1.09  119.79           0.58    0.60    0.63    0.58            0.32    0.29    0.35           0.57     0.62
GS8        21.36   22.29   17.86          54.33   -0.62    1.19           1.34  117.65           0.65    0.67    0.71    0.65            0.31    0.29    0.31           0.57     0.63
GS9        17.88   18.62   15.14          50.24   -0.39    0.57           0.69  124.61           0.73    0.76    0.79    0.73            0.26    0.25    0.28           0.53     0.59
GS10       14.69   15.32   12.54          46.07   -0.48    0.29           0.56  149.21           0.82    0.84    0.87    0.82            0.24    0.22    0.26           0.53     0.58
GS11       12.20   12.71   10.22          42.31   -0.33    0.86           0.92  111.14           0.89    0.93    0.97    0.90            0.21    0.20    0.21           0.49     0.53
GS12        9.63   10.01    8.15          37.86   -0.19    0.40           0.44  114.84           1.00    1.04    1.07    1.00            0.18    0.16    0.17           0.45     0.50
GS13        7.67    8.03    6.60          34.04   -0.70    0.09           0.71  172.33           1.10    1.13    1.17    1.10            0.14    0.13    0.14           0.45     0.50
GS14        5.95    6.21    5.09          29.93   -0.40    0.19           0.44  154.81           1.20    1.25    1.29    1.21            0.11    0.10    0.11           0.43     0.46
GS15        4.44    4.63    3.81          25.65   -0.35    0.07           0.36  168.47           1.33    1.38    1.43    1.34            0.09    0.08    0.08           0.39     0.43
GS16        3.25    3.40    2.81          21.58   -0.49   -0.03           0.49  183.21           1.46    1.52    1.57    1.47            0.07    0.06    0.06           0.34     0.38
GS17        2.37    2.50    2.05          17.90   -0.69    0.05           0.70  175.71           1.60    1.65    1.72    1.61            0.05    0.05    0.04           0.33     0.37
GS18        1.60    1.68    1.35          13.68   -0.47    0.38           0.60  140.72           1.76    1.83    1.91    1.78            0.03    0.03    0.03           0.30     0.34
GS19        1.03    1.08    0.84           9.60   -0.29    0.80           0.85  109.95           1.94    2.03    2.14    1.97            0.02    0.02    0.02           0.27     0.30
GS20        0.60    0.63    0.48           5.67   -0.38    0.66           0.76  119.78           2.18    2.26    2.40    2.20            0.02    0.02    0.01           0.22     0.25
GS21        0.38    0.40    0.32           3.58   -0.06    0.20           0.21  106.97           2.36    2.47    2.60    2.40            0.01    0.01    0.01           0.13     0.15
GS22        0.20    0.20    0.17           1.81    0.12   -0.10           0.16  321.77           2.64    2.78    2.87    2.70            0.01    0.01    0.01           0.14     0.16
GS23        0.09    0.08    0.08           0.75    0.28   -0.15           0.32  331.27           2.97    3.21    3.23    3.07            0.01    0.01    0.00           0.08     0.10
END_DATA
